1 60
3000000.000000
-4.50000000 -0.03462939 0.01592024 -0.09490176
-4.00000000 0.04470824 0.01062810 -0.10390070
-3.50000000 0.11312706 0.00796202 -0.10880018
-3.00000000 0.17430000 0.00704000 -0.11100000
-2.50000000 0.23190000 0.00698000 -0.11190000
-2.00000000 0.28960000 0.00690000 -0.11290000
-1.50000000 0.34960000 0.00624500 -0.11485000
-1.00000000 0.40960000 0.00559000 -0.11680000
-0.50000000 0.47060972 0.00512242 -0.11872486
0.00000000 0.53189319 0.00484273 -0.12050872
0.50000000 0.59193006 0.00474918 -0.12191322
1.00000000 0.64920000 0.00484000 -0.12270000
1.50000000 0.70365000 0.00504500 -0.12290000
2.00000000 0.75810000 0.00525000 -0.12310000
2.50000000 0.79710000 0.00600000 -0.12040000
3.00000000 0.79220000 0.00726500 -0.10895000
3.50000000 0.78730000 0.00853000 -0.09750000
4.00000000 0.80750000 0.00922000 -0.09130000
4.50000000 0.80600000 0.01028000 -0.08130000
5.00000000 0.81312504 0.01132830 -0.07327615
5.50000000 0.83452095 0.01221343 -0.06821053
6.00000000 0.86250000 0.01297000 -0.06450000
6.50000000 0.88890000 0.01372000 -0.06060000
7.00000000 0.91090000 0.01468000 -0.05620000
7.50000000 0.94270000 0.01545000 -0.05340000
8.00000000 0.96280000 0.01669000 -0.04920000
8.50000000 0.96720000 0.01873000 -0.04310000
9.00000000 0.99480000 0.01986000 -0.04020000
9.50000000 1.00840000 0.02172000 -0.03600000
10.00000000 1.02716313 0.02336783 -0.03254837
10.50000000 1.05285812 0.02474518 -0.03006460
11.00000000 1.07690000 0.02629000 -0.02760000
11.50000000 1.09540000 0.02820000 -0.02470000
12.00000000 1.11915000 0.02989500 -0.02240000
12.50000000 1.14290000 0.03159000 -0.02010000
13.00000000 1.14945000 0.03429500 -0.01655000
13.50000000 1.15600000 0.03700000 -0.01300000
14.00000000 1.17510000 0.03942000 -0.01130000
14.50000000 1.17350000 0.04364000 -0.00890000
15.00000000 1.18250000 0.04706000 -0.00700000
15.50000000 1.19570000 0.05002000 -0.00550000
16.00000000 1.21200000 0.05320000 -0.00470000
16.50000000 1.21530000 0.05776000 -0.00400000
17.00000000 1.22890000 0.06148000 -0.00360000
17.50000000 1.23840000 0.06535000 -0.00300000
18.00000000 1.25430000 0.06899000 -0.00330000
18.50000000 1.24810000 0.07527000 -0.00390000
19.00000000 1.25720000 0.08021000 -0.00490000
19.50000000 1.24210000 0.08840000 -0.00670000
20.00000000 1.25270000 0.09455000 -0.00870000
20.50000000 1.26020000 0.09818000 -0.00950000
21.00000000 1.24200000 0.10720000 -0.01260000
21.50000000 1.26040000 0.11152000 -0.01490000
22.00000000 1.25900000 0.11810000 -0.01760000
22.50000000 1.23970000 0.12826000 -0.02280000
23.00000000 1.22960000 0.13916000 -0.02530000
23.50000000 1.21170000 0.14645000 -0.03240000
24.00000000 1.18780000 0.15297000 -0.03820000
24.50000000 1.17540000 0.16560000 -0.04360000
25.00000000 1.13590000 0.17996000 -0.05200000
