1 20
3000000.000000
-5.00000000 -0.05930000 0.00796000 -0.10650000
0.00000000   NaN   NaN   NaN
5.00000000   NaN   NaN   NaN
10.00000000   NaN   NaN   NaN
15.00000000 1.18250000 0.04706000 -0.00700000
20.00000000 0.83270000 0.24455000 -0.14170000
25.00000000 1.13590000 0.17996000 -0.05200000
30.00000000 0.56795000   NaN -0.02600000
35.00000000 0.28397500   NaN -0.01300000
40.00000000 0.14198750   NaN -0.00650000
45.00000000 0.07099375   NaN -0.00325000
50.00000000 0.03549687   NaN -0.00162500
55.00000000 0.01774844   NaN -0.00081250
60.00000000 0.00887422   NaN -0.00040625
65.00000000 0.00443711   NaN -0.00020312
70.00000000 0.00221855   NaN -0.00010156
75.00000000   NaN   NaN   NaN
80.00000000   NaN   NaN   NaN
85.00000000   NaN   NaN   NaN
90.00000000   NaN   NaN   NaN
