449.43141753 282.19377356 -31.29039855
569.13994885 317.22104268 -36.81222663
665.83426646 332.51751320 -41.49087740
750.73989248 338.58270377 -46.31615351
829.10413623 340.29539722 -51.35060478
903.65014202 339.86440963 -56.57188252
975.18286878 338.11775303 -62.00297925
1044.41096532 335.51746532 -67.80918477
1111.85387618 332.31166717 -74.19490976
1176.11643336 328.21063442 -80.96033464
1234.01181961 322.55511274 -87.59717409
1281.40277401 314.58946889 -93.58047791
1313.04610829 303.43384515 -98.55126695
1320.57760197 287.74504397 -101.85799513
1289.92427329 265.31213453 -102.30272030
1194.59121318 231.89454933 -97.76269037
977.39221851 178.08718917 -83.68343916
430.98290688 79.10563795 -33.82366890
