109.66908890 75.31963923 -9.55516663
128.92937707 77.77968557 -10.77172082
142.09934991 76.83351820 -11.52979610
152.70531465 75.22390740 -12.14503553
162.38296999 73.81914935 -12.73160829
171.98138374 72.87872953 -13.33551637
181.74272444 72.35523512 -13.95805616
191.74966887 72.15365669 -14.59290862
201.96287356 72.19514692 -15.22877123
212.24293549 72.35463066 -15.84802011
222.29076645 72.50028476 -16.42320168
231.56842693 72.41616201 -16.91095316
239.15289833 71.84940738 -17.24144883
243.45248474 70.34828322 -17.30042285
241.71279696 67.22810107 -16.89524017
228.83620221 61.23357030 -15.67934158
193.82617314 49.72717232 -12.90975249
88.41340821 21.15423115 -5.48401787
