880.72208745 468.33793446 -146.51964087
1122.71828834 519.85520733 -178.39336943
1334.08370381 543.44584752 -208.45308199
1532.82516619 555.40412325 -237.61422773
1725.78382206 562.22082594 -265.50236228
1917.23457027 566.57573633 -293.04689297
2106.88694044 569.19091990 -319.96501871
2293.83828890 570.27431677 -346.32924288
2476.41080364 569.84272245 -371.78584244
2651.88320036 567.60298939 -396.17318860
2815.61589515 563.00065279 -418.77309023
2959.91348821 555.01968335 -438.49788996
3072.07222303 541.93381938 -453.73816724
3130.84259519 520.91071610 -461.78438968
3099.49706867 487.29410790 -457.24776623
2911.66718475 432.53516389 -431.62311752
2420.69924192 337.42578079 -365.64741156
1020.60109338 146.64044950 -131.99800941
