1171.91285234 591.88090405 -232.45621728
1504.96984693 655.23358564 -291.92558303
1794.40214624 682.77532625 -342.87258700
2069.59975338 696.77214299 -390.61888362
2344.41079998 705.98957798 -437.22706390
2621.69001034 712.65196426 -483.68740339
2901.78511885 717.66372139 -529.89703407
3182.58723884 721.07566414 -575.59104993
3461.71205542 722.86732818 -620.34578683
3735.31486048 722.76189118 -663.46487030
3997.50912126 720.22065208 -703.79405091
4235.55346687 713.67132641 -739.39457753
4430.68386046 700.97036155 -767.05496813
4549.73802027 678.23338091 -781.39671711
4534.73816915 638.71629126 -773.23208035
4279.22566481 570.12201668 -725.91293085
3548.40268666 444.73897072 -603.67539349
1632.28687369 208.52656768 -257.98977898
