1325.52354679 655.93619638 -281.28752961
1702.83839798 724.14854172 -354.87179312
2032.74881513 753.39724494 -418.25479135
2350.66895221 768.86951212 -477.83430667
2670.23344331 779.32917054 -536.09621408
2995.48282500 787.34607787 -594.21132348
3326.13851407 793.66973444 -652.03214431
3659.82792624 798.35256169 -709.20360585
3993.41269995 801.29159186 -765.17447662
4322.13105606 802.14486313 -819.06084704
4638.25229167 800.19195712 -869.41598967
4928.67142628 794.06697500 -913.84910514
5170.89432646 781.32057314 -948.39357170
5325.92281501 757.63979968 -966.41662618
5324.95728562 715.39617966 -956.58041095
5040.86404506 640.51267949 -898.30179904
4192.88345814 501.21695077 -747.31654325
1941.67688095 237.10987472 -321.07809418
